5 0.84296875 0.52890625 0.096875 0.08046875
1 0.8390625 0.4234375 0.13671875 0.08984375
1 0.428125 0.86796875 0.0921875 0.15390625
8 0.3578125 0.3265625 0.0953125 0.18359375
8 0.40234375 0.5453125 0.18515625 0.140625
6 0.31875 0.73671875 0.08671875 0.1734375
6 0.69765625 0.228125 0.190625 0.11015625
7 0.1953125 0.3234375 0.1 0.10234375
7 0.5984375 0.59765625 0.0953125 0.1359375
5 0.1140625 0.6015625 0.053125 0.07421875
9 0.11171875 0.4953125 0.09765625 0.11640625
5 0.5375 0.92421875 0.0625 0.06015625
5 0.696875 0.68359375 0.07265625 0.07421875