5 0.06875 0.696875 0.09375 0.065625
5 0.28046875 0.69375 0.11875 0.08125
5 0.55390625 0.59296875 0.075 0.06328125
5 0.678125 0.590625 0.0828125 0.0671875
5 0.84453125 0.44296875 0.075 0.06953125
9 0.05390625 0.55234375 0.1046875 0.1265625
7 0.21875 0.43671875 0.08515625 0.11484375
7 0.2828125 0.26328125 0.109375 0.1125
7 0.5375 0.4765625 0.0703125 0.1125
7 0.834375 0.28515625 0.08046875 0.1015625
1 0.253125 0.5984375 0.140625 0.075
1 0.65546875 0.4828125 0.1140625 0.09140625
6 0.6578125 0.175 0.1734375 0.09296875
6 0.48984375 0.26640625 0.11171875 0.15234375