5 0.12421875 0.653125 0.08203125 0.09453125
5 0.2953125 0.721875 0.065625 0.075
5 0.63125 0.8484375 0.09921875 0.06640625
5 0.84296875 0.8546875 0.06328125 0.0578125
1 0.2984375 0.175 0.12734375 0.06484375
5 0.29609375 0.08828125 0.08203125 0.0921875
9 0.1078125 0.4921875 0.1109375 0.1171875
8 0.26875 0.38515625 0.13671875 0.15859375
7 0.615625 0.73828125 0.10234375 0.12109375
7 0.3 0.6046875 0.10234375 0.09453125
7 0.84921875 0.378125 0.08828125 0.1359375
7 0.44375 0.24609375 0.0890625 0.10546875
6 0.603125 0.4078125 0.071875 0.16796875
1 0.8609375 0.70546875 0.1609375 0.08984375