5 0.96484375 0.7234375 0.0453125 0.08515625
1 0.3234375 0.17890625 0.0875 0.08046875
9 0.1453125 0.36171875 0.1234375 0.1171875
1 0.1546875 0.58203125 0.121875 0.08984375
1 0.60546875 0.18125 0.0953125 0.09921875
7 0.50078125 0.55234375 0.0609375 0.11171875
1 0.68046875 0.553125 0.109375 0.1015625
1 0.91875 0.3296875 0.090625 0.0671875
7 0.90703125 0.53125 0.06015625 0.09140625
7 0.56328125 0.71484375 0.1015625 0.08125
6 0.3359375 0.72734375 0.16171875 0.0921875
6 0.80859375 0.18203125 0.1734375 0.0734375
8 0.51953125 0.4109375 0.075 0.10625
8 0.66171875 0.39921875 0.0921875 0.14375