9 0.11171875 0.5671875 0.1171875 0.12890625
6 0.440625 0.71953125 0.06796875 0.19453125
6 0.775 0.22578125 0.13984375 0.078125
1 0.25234375 0.41875 0.1046875 0.14140625
1 0.53828125 0.6046875 0.10546875 0.10859375
7 0.75390625 0.4734375 0.06328125 0.11953125
1 0.87890625 0.38671875 0.134375 0.1046875
7 0.57109375 0.23359375 0.1171875 0.1078125
5 0.91171875 0.69375 0.06328125 0.053125
5 0.7640625 0.62109375 0.05234375 0.08515625
7 0.8984375 0.5734375 0.06328125 0.1015625
8 0.41328125 0.409375 0.13671875 0.1640625
5 0.1046875 0.70859375 0.0625 0.06953125
5 0.45703125 0.85546875 0.0671875 0.06015625
5 0.5375 0.78515625 0.0484375 0.07734375