1 0.44765625 0.2 0.053125 0.0359375
1 0.453125 0.3421875 0.0453125 0.03046875
1 0.57265625 0.45859375 0.03984375 0.03828125
1 0.67421875 0.4640625 0.03671875 0.03828125
1 0.471875 0.79453125 0.0640625 0.04140625
6 0.465625 0.628125 0.03828125 0.08828125
6 0.57421875 0.2015625 0.02734375 0.08828125
6 0.67734375 0.33125 0.03984375 0.08046875
6 0.5921875 0.86171875 0.10078125 0.0453125
2 0.2234375 0.2265625 0.0703125 0.075
2 0.77890625 0.465625 0.0609375 0.08046875
9 0.68828125 0.78984375 0.0703125 0.075
9 0.78984375 0.33359375 0.05 0.06640625
5 0.27890625 0.42734375 0.04609375 0.0609375
7 0.33515625 0.48046875 0.0359375 0.0703125
7 0.56796875 0.34375 0.02734375 0.0625
7 0.57890625 0.65078125 0.028125 0.06640625
1 0.78359375 0.60703125 0.040625 0.05234375