6 0.165625 0.2625 0.03203125 0.1046875
6 0.27734375 0.4421875 0.0328125 0.0875
6 0.5515625 0.6640625 0.0265625 0.0703125
0 0.7921875 0.278125 0.046875 0.0578125
2 0.7953125 0.421875 0.05234375 0.0625
9 0.79609375 0.52265625 0.0484375 0.0671875
2 0.7875 0.65390625 0.04765625 0.06484375
9 0.78671875 0.7515625 0.05546875 0.06640625
1 0.5453125 0.771875 0.04921875 0.03671875
1 0.396875 0.6484375 0.053125 0.0359375
1 0.2765625 0.52265625 0.0671875 0.04140625
1 0.1640625 0.44765625 0.06953125 0.05078125
5 0.3984375 0.86640625 0.05078125 0.05625