6 0.778125 0.35390625 0.0328125 0.1515625
7 0.584375 0.33984375 0.0375 0.1203125
7 0.28671875 0.596875 0.07109375 0.0515625
7 0.3 0.23046875 0.07421875 0.05390625
7 0.6609375 0.215625 0.08671875 0.05703125
7 0.20078125 0.70234375 0.03671875 0.10546875
7 0.19140625 0.2875 0.02890625 0.071875
7 0.396875 0.68125 0.0390625 0.10078125
1 0.4609375 0.56875 0.04140625 0.0765625
9 0.78515625 0.55703125 0.0765625 0.1125
9 0.209375 0.44296875 0.06953125 0.13046875
9 0.42109375 0.24609375 0.07890625 0.090625
5 0.41015625 0.8625 0.05078125 0.0578125
2 0.60078125 0.68125 0.0671875 0.0953125