9 0.14453125 0.53203125 0.059375 0.12734375
7 0.24296875 0.39140625 0.078125 0.06640625
7 0.2546875 0.57890625 0.07421875 0.1140625
7 0.471875 0.69375 0.0703125 0.0796875
7 0.56953125 0.5265625 0.0296875 0.12109375
7 0.74453125 0.48046875 0.03046875 0.1375
1 0.44296875 0.2546875 0.02890625 0.0609375
6 0.4453125 0.3765625 0.075 0.053125
6 0.66171875 0.48828125 0.03515625 0.1453125
1 0.3671875 0.53671875 0.059375 0.05546875
5 0.3671875 0.815625 0.0515625 0.07734375
2 0.82578125 0.50546875 0.0609375 0.1296875