5 0.40625 0.89375 0.053125 0.0578125
2 0.41171875 0.53515625 0.0546875 0.1140625
2 0.6640625 0.5265625 0.05390625 0.121875
7 0.4890625 0.56796875 0.03125 0.10859375
7 0.5171875 0.16484375 0.0546875 0.06484375
7 0.740625 0.52421875 0.02890625 0.09296875
1 0.6671875 0.23359375 0.059375 0.05625
1 0.41484375 0.23515625 0.05859375 0.03984375
6 0.50234375 0.39296875 0.0734375 0.0640625
6 0.309375 0.3453125 0.05859375 0.04765625
9 0.84765625 0.5 0.06640625 0.1296875
9 0.19609375 0.48125 0.0765625 0.14453125