5 0.7984375 0.709375 0.04296875 0.0671875
2 0.83359375 0.46171875 0.06328125 0.11484375
2 0.17265625 0.465625 0.0609375 0.10859375
7 0.2546875 0.4671875 0.0421875 0.11875
7 0.75703125 0.43046875 0.03359375 0.10390625
7 0.43671875 0.7578125 0.07734375 0.06328125
9 0.47265625 0.60703125 0.065625 0.090625
6 0.325 0.42265625 0.065625 0.06640625
6 0.2984375 0.29140625 0.0765625 0.07421875
6 0.6546875 0.27578125 0.096875 0.090625
6 0.6265625 0.428125 0.0796875 0.0734375
1 0.478125 0.44921875 0.02421875 0.075
1 0.48515625 0.2421875 0.0359375 0.1109375