5 0.87109375 0.8390625 0.0453125 0.08046875
7 0.878125 0.39140625 0.0328125 0.10703125
7 0.25703125 0.321875 0.059375 0.0859375
7 0.5265625 0.32109375 0.05625 0.05234375
1 0.38046875 0.38359375 0.03359375 0.07421875
1 0.52578125 0.45859375 0.025 0.096875
1 0.6625 0.53125 0.0265625 0.07734375
1 0.8015625 0.38046875 0.0546875 0.05859375
6 0.3859375 0.2375 0.06875 0.059375
6 0.60078125 0.31640625 0.06171875 0.05625
6 0.66328125 0.40546875 0.0546875 0.06015625
9 0.15 0.4859375 0.0640625 0.13671875
9 0.87109375 0.5828125 0.059375 0.13203125
2 0.59765625 0.64140625 0.05859375 0.11796875