5 0.51796875 0.76953125 0.04921875 0.0640625
9 0.66171875 0.4046875 0.04296875 0.08828125
9 0.246875 0.3109375 0.040625 0.09609375
7 0.34765625 0.1484375 0.05078125 0.0484375
7 0.43984375 0.15546875 0.0578125 0.0453125
7 0.50703125 0.26953125 0.0234375 0.08671875
7 0.3234375 0.44765625 0.05078125 0.0578125
7 0.55390625 0.15078125 0.0578125 0.05625
6 0.51875 0.56015625 0.0234375 0.12734375
1 0.39453125 0.30078125 0.0375 0.05
7 0.309375 0.66796875 0.05 0.06875
2 0.390625 0.6765625 0.046875 0.08046875