2 0.18125 0.45625 0.0828125 0.19921875
2 0.6984375 0.33046875 0.07578125 0.21484375
2 0.1953125 0.75390625 0.07421875 0.19453125
1 0.4109375 0.55234375 0.05078125 0.1609375
1 0.284375 0.57265625 0.06015625 0.16484375
1 0.56328125 0.51328125 0.07109375 0.16875
7 0.54296875 0.8375 0.11484375 0.08046875
7 0.31953125 0.8734375 0.115625 0.08046875
6 0.5828125 0.16015625 0.1125 0.09375
6 0.42890625 0.1765625 0.1140625 0.1140625
6 0.278125 0.215625 0.09765625 0.08359375
5 0.74296875 0.64765625 0.06171875 0.14453125